4.977054834365845
5.961864948272705
10.265321731567383
5.301056861877441
8.193746089935303
5.189125299453735
8.846762418746948
7.209780693054199
10.416503190994263
11.444286823272705
6.891355991363525
7.774564981460571
6.303783655166626
10.931413888931274
8.54206395149231
9.928431987762451
6.2015769481658936
12.12897539138794
8.002797603607178
11.085899829864502
5.441931486129761
7.012741804122925
5.334405899047852
7.598740339279175
5.346473693847656
12.143304586410522
10.834760189056396
9.070668458938599
9.263729095458984
9.198632717132568
8.565840482711792
8.459929466247559
5.290104150772095
5.58918571472168
9.419467449188232
4.719071388244629
6.186397314071655
9.007442235946655
6.047123432159424
6.527022123336792
5.68395209312439
7.84515118598938
8.742055654525757
6.030005216598511
6.825479030609131
6.465619087219238
7.862822532653809
5.914063215255737
7.771307706832886
7.342071533203125
