#extern
net.ipv4.tcp_frto = 0
net.ipv4.tcp_low_latency = 0
net.ipv4.tcp_no_metrics_save = 1
net.ipv4.tcp_fastopen = 0
net.ipv4.tcp_slow_start_after_idle=0

#controlled
init_cwnd = 18
init_rwnd = 18
net.ipv4.tcp_fack = 0
net.ipv4.tcp_congestion_control = tcpplusnew
net.ipv4.tcp_early_retrans = 0

non congestion lost backoff rate: 1/12
congestion lost backoff rate: 1/2
---
4.786790132522583
4.5717902183532715
5.327944040298462
4.788289785385132
4.847338438034058
4.97998833656311
6.420120477676392
4.858520746231079
5.535684823989868
4.519468784332275
5.1288347244262695
5.386246919631958
5.636860370635986
5.783612966537476
4.90160608291626
5.998411655426025
4.77739953994751
5.3201189041137695
4.759735345840454
5.1780524253845215
5.259860515594482
4.733718395233154
4.720196962356567
5.729841232299805
5.073678255081177
5.586530923843384
5.609244346618652
4.81190299987793
4.8465416431427
4.67502498626709
5.15893030166626
5.745323896408081
4.645474672317505
4.834460020065308
5.189572334289551
4.817183971405029
4.534369230270386
4.903695344924927
5.08959436416626
4.475125789642334
5.059337615966797
4.951821565628052
5.075911045074463
5.024007797241211
4.656756162643433
4.694976568222046
4.678711891174316
4.64268159866333
6.300520658493042
4.603440999984741
5.423609495162964
6.736146450042725
4.9765260219573975
4.758794546127319
7.564016103744507
4.956059694290161
4.6862006187438965
4.7182936668396
4.933390140533447
4.797591209411621
4.730219841003418
4.857816696166992
4.939624547958374
6.402426719665527
4.826232194900513
4.933332681655884
7.089849948883057
4.809858322143555
5.3657238483428955
5.1782066822052
6.501751184463501
5.780118465423584
5.236501455307007
4.7090935707092285
4.99206280708313
4.87761664390564
4.68612003326416
5.116836309432983
4.663208723068237
4.803531885147095
5.005429983139038
6.693264722824097
5.108964204788208
4.920208215713501
4.803488731384277
4.75588059425354
4.751936674118042
4.84255051612854
4.653863906860352
5.012666702270508
5.292067050933838
5.363405704498291
5.626819849014282
5.093454837799072
5.109026670455933
4.675535678863525
5.384345293045044
4.897125005722046
4.711906671524048
4.698438882827759
5.0760979652404785
4.791794300079346
5.222890138626099
4.926644563674927
4.833144426345825
4.846155881881714
5.265410423278809
5.26672887802124
4.607589244842529
5.533318996429443
5.07439923286438
6.745537042617798
5.140660285949707
4.9414873123168945
4.7882444858551025
5.713736057281494
4.857628107070923
5.09028172492981
5.355382442474365
4.644808769226074
5.1475989818573
5.516439437866211
4.601053714752197
4.979658126831055
6.988503932952881
5.0243353843688965
5.904070854187012
6.056120872497559
4.930652618408203
4.983472585678101
5.103639125823975
5.32443642616272
4.9627909660339355
4.608877420425415
5.412991762161255
5.375923156738281
4.750744104385376
4.59205961227417
4.771796703338623
4.62387228012085
4.920324087142944
4.7794599533081055
5.83867621421814
5.021198511123657
4.700026035308838
4.646895885467529
5.009082555770874
4.812197685241699
5.287271976470947
4.836084365844727
4.878138065338135
4.718567132949829
4.86542010307312
5.939361572265625
4.487634181976318
5.247033596038818
4.888429403305054
5.487491846084595
5.012632608413696
5.097854137420654
6.24109673500061
4.813191652297974
5.1175925731658936
6.317346811294556
4.63428807258606
5.359894752502441
5.199886083602905
5.620166540145874
5.09412956237793
5.153390645980835
4.651870250701904
4.772258520126343
4.635684967041016
4.794926643371582
4.892155170440674
4.680509090423584
5.786396741867065
4.809347867965698
5.095351934432983
4.929793834686279
5.414405822753906
5.106922149658203
6.496950626373291
5.387759208679199
4.970850706100464
4.993963956832886
5.8816187381744385
4.621316909790039
4.903786659240723
4.711927175521851
5.527469873428345
5.790785789489746
4.685329437255859
4.986278295516968
4.382991075515747
6.715378046035767
4.675104379653931
5.415808916091919
4.905491590499878
4.917770147323608

