#extern
net.ipv4.tcp_frto = 0
net.ipv4.tcp_low_latency = 0
net.ipv4.tcp_no_metrics_save = 1
net.ipv4.tcp_fastopen = 0
net.ipv4.tcp_slow_start_after_idle=0

#controlled
init_cwnd = 18
init_rwnd = 18
net.ipv4.tcp_fack = 1
net.ipv4.tcp_congestion_control = tcpplus
net.ipv4.tcp_early_retrans = 3
---
5.006860733032227
4.991953134536743
4.659552097320557
4.790263414382935
4.862427473068237
4.942987680435181
4.968007802963257
5.023405313491821
4.632936716079712
5.827294588088989
4.71998405456543
4.935904502868652
5.534260034561157
4.605742931365967
5.067333936691284
5.460193872451782
5.239779710769653
5.631930112838745
5.1642186641693115
5.1518518924713135
5.059887647628784
4.7154717445373535
4.815988302230835
4.960000038146973
4.519894599914551
4.679045915603638
4.876826286315918
4.655858516693115
4.975887775421143
4.614944934844971
5.2659947872161865
5.838855743408203
4.711807489395142
4.804545164108276
5.556293249130249
5.6252830028533936
4.636701822280884
5.011348485946655
5.412907600402832
4.820255994796753
4.765667200088501
5.0220627784729
4.926259279251099
5.057749032974243
5.307732582092285
4.6405863761901855
5.505671739578247
5.301833868026733
4.9355080127716064
5.283885717391968
5.13495945930481
4.816730976104736
4.6122636795043945
4.672214984893799
4.783304452896118
5.327974319458008
4.51592230796814
5.391898155212402
4.719803810119629
4.855912446975708
4.943899154663086
4.855884075164795
4.915338516235352
4.724504232406616
4.795794486999512
5.189181566238403
5.743958234786987
4.970662832260132
5.560746908187866
5.130959749221802
4.936093807220459
4.927766799926758
5.12389349937439
4.66519021987915
4.57052206993103
5.007800579071045
4.836009502410889
4.955869197845459
5.889709949493408
5.067458868026733
4.9945573806762695
4.839892625808716
5.105885028839111
4.942173004150391
5.0516180992126465
4.692196846008301
5.178713083267212
5.645787239074707
5.758336782455444
4.748417139053345
4.84954047203064
5.272296667098999
4.909699440002441
6.506977558135986
4.69690203666687
5.059650421142578
5.241885662078857
4.629472732543945
4.848630666732788
4.979748487472534
5.698369979858398
5.205503225326538
4.872089862823486
5.095847129821777
5.579768180847168
5.3398778438568115
5.122926235198975
5.004905462265015
4.8557984828948975
4.7754480838775635
5.16847038269043
5.072161674499512
4.571486711502075
4.910805702209473
4.893145799636841
4.7267632484436035
5.112847805023193
5.882528066635132
5.016577482223511
5.140612840652466
4.792311429977417
4.81408429145813
4.921299934387207
4.807850122451782
4.948263883590698
4.655571699142456
4.6206653118133545
4.890281438827515
4.856701374053955
5.083775520324707
5.4959282875061035
4.959936141967773
5.10787296295166
6.123914003372192
4.855919599533081
4.744030952453613
5.007998943328857
5.214980602264404
4.876451730728149
5.131893634796143
4.720011234283447
5.159847974777222
4.955801963806152
4.840237855911255
4.594504117965698
4.653033971786499
5.029966115951538
5.257857799530029
5.683856725692749
4.951803684234619
4.939934968948364
4.716074705123901
5.245254755020142
5.914443254470825
5.212159156799316
4.912236928939819
5.56864857673645
5.768203020095825
5.117904901504517
4.83221435546875
4.7798779010772705
6.020682334899902
5.433760404586792
5.11322283744812
4.728169679641724
5.51495885848999
5.00460958480835
5.039818048477173
4.795883417129517
4.859918117523193
4.815803050994873
4.752161741256714
4.903735160827637
4.811758995056152
5.322481393814087
5.429649114608765
5.203908681869507
4.915640592575073
5.119845867156982
4.83484959602356
5.00087833404541
4.943938732147217
4.955966472625732
4.707961082458496
6.516601324081421
4.959405899047852
5.178043603897095
5.368760824203491
5.0016868114471436
5.39822793006897
4.900485992431641
5.095789909362793
4.82389497756958
5.293607711791992
4.724872827529907
5.465023994445801
5.0160815715789795
5.335803031921387
4.60004186630249
4.882432699203491

