#extern
net.ipv4.tcp_frto = 0
net.ipv4.tcp_low_latency = 0
net.ipv4.tcp_no_metrics_save = 1
net.ipv4.tcp_fastopen = 0
net.ipv4.tcp_slow_start_after_idle=0

#controlled
init_cwnd = 18
init_rwnd = 18
net.ipv4.tcp_fack = 0
net.ipv4.tcp_congestion_control = tcpplusnew
net.ipv4.tcp_early_retrans = 0

non congestion lost backoff rate: 1/12
congestion lost backoff rate: 1/6
---
4.724432468414307
4.8179707527160645
7.4060163497924805
5.28188943862915
5.54250955581665
4.781296730041504
4.734067440032959
4.793584108352661
4.970489740371704
5.113775014877319
5.011494398117065
4.783908128738403
4.995954990386963
4.751896858215332
5.495837211608887
4.600188493728638
4.91164755821228
4.643912315368652
5.170072078704834
4.937672138214111
6.056223392486572
5.695597887039185
4.943906545639038
4.7160420417785645
5.631480932235718
5.292156457901001
5.332054615020752
4.795672655105591
5.059892892837524
5.291957855224609
4.739828824996948
5.133327484130859
4.830421209335327
4.9888951778411865
5.11112117767334
4.597687244415283
5.405983209609985
5.4160096645355225
4.626955986022949
4.6806604862213135
5.319178342819214
4.92465877532959
4.820335388183594
5.6644065380096436
5.35066294670105
4.69869589805603
4.605293035507202
4.979916095733643
4.930594205856323
4.68338680267334
5.209841966629028
5.183744192123413
4.725493669509888
5.079302787780762
5.477017641067505
4.6937830448150635
4.610896587371826
4.6016762256622314
4.60958194732666
4.992856502532959
4.772439002990723
4.551833391189575
5.231820821762085
5.436772584915161
4.743110179901123
5.917210340499878
4.802558183670044
4.957870960235596
5.434083461761475
5.497241020202637
5.103966951370239
5.026479005813599
4.735784292221069
4.967891216278076
5.024929523468018
4.925082683563232
4.617668628692627
4.915883779525757
5.345973253250122
5.269425392150879
5.697778701782227
5.034448623657227
4.863817453384399
6.0402421951293945
5.258747339248657
5.306243896484375
5.355166912078857
5.179063320159912
5.096104860305786
6.349869728088379
5.126352310180664
5.255427360534668
6.017920017242432
4.7976462841033936
4.64820408821106
4.779645919799805
4.915936708450317
4.7481091022491455
5.04758620262146
5.1599321365356445
5.253922700881958
5.589781045913696
5.069143295288086
4.802683591842651
4.895949840545654
4.646311283111572
5.025383710861206
4.966855764389038
4.784966707229614
5.315885066986084
4.848122835159302
5.414453744888306
4.689237117767334
5.5604143142700195
5.567624092102051
5.4970831871032715
4.622401475906372
4.92408561706543
5.316844463348389
5.199700832366943
5.0691680908203125
4.845744371414185
4.918750047683716
5.122561454772949
4.529519557952881
5.096566438674927
5.023622512817383
5.016228199005127
5.668248414993286
5.5684590339660645
4.9550559520721436
5.238318681716919
5.131831407546997
5.117497444152832
5.534801006317139
5.152848243713379
5.313452959060669
6.178370714187622
4.815890550613403
4.908681631088257
5.105928659439087
4.870607137680054
4.742673397064209
4.915724754333496
5.340146064758301
5.131880044937134
4.631552696228027
4.755348205566406
4.732472896575928
4.855900287628174
5.323662281036377
5.376231908798218
5.607812881469727
4.5757896900177
5.166720390319824
5.061123847961426
5.06029486656189
5.068134546279907
4.73847222328186
4.880622625350952
4.663949012756348
5.3161821365356445
4.904049873352051
6.0910186767578125
5.260299921035767
5.601057529449463
5.354752063751221
5.059958457946777
4.682209491729736
5.419063329696655
4.662378311157227
5.121385812759399
4.785254240036011
4.704990863800049
4.952193737030029
5.219787359237671
4.939693212509155
4.595808267593384
5.121509313583374
4.794702768325806
4.7077319622039795
5.243548631668091
6.604167938232422
4.908099174499512
4.881896734237671
5.199849843978882
5.98017954826355
5.294064044952393
5.499142408370972
4.5822083950042725
4.84530782699585
4.8160624504089355
4.611961841583252
5.372137546539307
5.6793413162231445
4.5805275440216064
4.747651100158691
4.755891799926758
4.928093433380127
5.83922004699707
